6.725064991383306 93.27493500861667
9.730268811426129 90.26973118857384
12.134431867460364 87.86556813253966
16.34171721552036 83.65828278447961
31.367736315734476 68.6322636842655
54.80832611206853 45.191673887931444
64.42497833620564 35.575021663794445
67.51857050389663 32.6582061913999
83.65828278447964 16.341717215520333
89.06764966055675 10.932350339443275
93.2749350086167 6.725064991383277
93.78758742497689 15.65228810386347
91.68394475094703 37.59027599017605
83.95880316648402 22.652645237610272
94.86592526628647 31.155604281378515
84.29467888754755 25.392684014708124
85.28462838120868 17.9680628122494
86.91097397793783 19.59440840897844
94.90128060534573 8.351410588112344
96.52762620207477 9.977756184841382
98.15397179880381 11.60410178157045
88.53731957466675 21.220754005707505
90.1636651713959 22.847099602436572
91.79001076812494 24.47344519916564
93.41635636485398 26.099790795894705
95.04270196158313 27.726136392623744
96.66904755831206 29.35248198935281
98.29539315504121 30.978827586081877
88.37822054889989 15.051247339854825
95.80284175135864 22.475868542313577
90.97683796976048 15.245701704681153
95.18412331782042 19.452987052741094
79.0620887067671 50.21213203435599
88.82016228714156 59.97020561473033
90.44650788387048 61.5965512114594
89.81011178080257 57.35391052434002
70.11718792475733 68.9151063967401
77.34735476238961 42.486990449892915
72.75116068467719 30.678307204077527
76.00385187813526 33.93099839753563
87.05239533417512 38.969134213489866
88.67874093090415 40.59547981021893
90.3050865276332 42.22182540694797
91.93143212436223 43.84817100367704
93.55777772109127 45.474516600406105
95.18412331782042 47.10086219713517
96.81046891454946 48.72720779386424
98.4368145112785 50.35355339059328
65.87454723763801 62.268302653586574
69.69292385604535 66.08667927199392
72.94561504950343 69.33937046545205
67.819090885901 58.20243866176392
69.44543648263004 59.82878425849299
71.07178207935908 61.455129855222026
72.69812767608823 63.08147545195109
74.32447327281727 64.70782104868016
75.95081886954631 66.33416664540923
74.50124996811383 61.27835315992539
62.2683026535866 44.23707973332961
78.53175862087721 60.50053570062022
66.05132393293468 37.20136726052351
67.67766952966372 38.82771285725255
69.30401512639276 40.45405845398162
70.9303607231218 42.08040405071068
72.55670631985095 43.70674964743975
74.18305191657998 45.33309524416882
75.80939751330902 46.959440840897855
77.43574311003806 48.58578643762692
90.58792924010788 80.97127701597077
96.7751135754902 71.53140148713041
92.21427483683692 82.59762261269981
93.84062043356596 84.22396820942888
95.466966030295 85.85031380615794
97.09331162702415 87.47665940288698
98.71965722375307 89.10300499961605
82.45620125646258 72.83954903232546
84.08254685319162 74.4658946290545
97.2700883223207 84.04719151413224
79.87526150513168 78.67317997711444
83.12795269858975 81.92587117057258
92.07285348059963 63.222896808188466
93.69919907732867 64.8492424049175
95.32554467405771 66.47558800164657
96.95189027078675 68.10193359837564
98.57823586751579 69.7282791951047
78.24891590840264 77.0468343803854
85.70889244992065 76.09224022578357
87.33523804664969 77.71858582251264
88.96158364337884 79.3449314192417
96.72208056690113 61.861716254404314
89.9161777979806 71.88495487772363
97.48222035667663 57.81352993211135
96.42156018489686 78.39033726463987
38.40344878854063 9.55349211612949
43.81281566461769 4.144125240052375
36.600326496514924 11.356614408155195
70.38235296770222 16.288684206931322
69.02117241391807 1.7046068449587892
70.64751801064722 3.330952441687856
72.27386360737626 4.957298038416923
73.9002092041053 6.583643635145961
75.52655480083433 8.209989231875056
77.15290039756337 9.836334828604095
78.77924599429252 11.462680425333161
80.40559159102156 13.089026022062257
82.0319371877506 14.715371618791266
66.86449673129914 10.366664914494038
71.1778480965371 12.27585322369768
75.38513344459705 16.48313857175765
70.98339373171086 9.677235802837117
88.39589821842947 1.8460282011961056
90.0222438151585 3.4723737979252007
91.64858941188754 5.098719394654211
78.40801493416961 17.101857005295898
22.281414177487363 12.664761953350279
23.9077597742164 14.291107550079317
25.53410537094544 15.917453146808384
27.160450967674535 17.543798743537423
10.896995000383924 1.2803427762468687
25.28661799753013 9.659558133307456
38.15596141512526 3.2955971026285056
29.74139071900538 11.710167798748444
18.091806498957055 16.88972497093988
17.225600692003525 11.21519305191785
12.52334059711302 2.906688372975907
14.149686193842058 4.533033969704974
30.271720804895324 1.4217641324842134
31.89806640162442 3.04810972921328
15.776031790571096 6.1593795664340405
17.402377387300135 7.785725163163079
19.02872298402923 9.412070759892146
33.52441199835346 4.6744553259423185
35.150757595082496 6.300800922671385
22.528901550902617 18.922656966851207
36.77710319181159 7.927146519400424
14.82143763596929 13.619356107952086
20.655068580758268 11.038416356621212
40.029794385269724 11.179837712858557
48.16152236891503 19.311565696503862
49.78786796564407 20.9379112932329
51.41421356237311 22.564256889961968
61.70261722863734 22.033926804072053
53.18198051533949 43.56532829120238
33.665833354590745 24.04918113045369
35.292178951319784 25.675526727182756
66.17506761964228 24.102214139042644
30.58991885642928 26.98367427237784
48.40900974233023 25.569460710004734
54.34870670429723 9.871690167663445
53.040559159102145 24.190602486691034
49.64644660940667 1.5631854887215013
51.27279220613576 3.189531085450568
52.8991378028648 4.815876682179635
54.525483399593895 6.442222278908702
56.151828996322934 8.06856787563774
57.77817459305197 9.694913472366807
59.40452018978101 11.321259069095845
61.030865786510105 12.947604665824912
54.66690475583124 25.816948083420073
60.94247743886177 26.082113126364987
49.929289321881356 40.31263709774427
41.12580989610882 23.094586975851854
44.237079733329665 6.9725523647986165
45.8634253300587 8.598897961527683
47.48977092678774 10.22524355825675
67.00591808753643 29.741390719005437
51.555634918610394 41.93898269447337
59.54594154601841 30.695984873607273
61.17228714274745 32.32233047033637
62.798632739476545 33.94867606706538
5.346206768069521 42.61073413660054
9.553492116129462 38.4034487885406
6.44222227890873 54.52548339959387
8.068567875637768 56.151828996322905
9.694913472366807 57.77817459305197
11.321259069095845 59.40452018978101
12.94760466582494 61.03086578651008
3.3663077807472064 47.84332431738102
1.5631854887215013 49.64644660940667
8.598897961527655 45.863425330058675
26.488699525547304 63.753226894078324
32.14555377503967 64.6017550315022
3.1895310854505965 51.27279220613573
11.179837712858557 40.02979438526967
19.311565696503862 48.16152236891497
24.190602486690977 53.040559159102145
25.816948083420073 54.66690475583118
27.44329368014911 56.29325035256028
29.069639276878206 57.91959594928932
30.695984873607244 59.54594154601838
32.32233047033628 61.17228714274748
33.94867606706538 62.79863273947649
32.852660556226226 50.88388347648322
4.815876682179635 52.8991378028648
30.554563517369957 40.171215741506956
32.180909114098995 41.79756133823602
33.80725471082803 43.42390693496509
2.093515574611388 39.358042943142436
4.07341456193376 26.912963594259224
4.126447570522714 24.73861024211061
11.710167798748444 29.741390719005437
2.800622355797941 18.42768222002067
1.2803427762468687 10.896995000383924
2.906688372975964 12.523340597112963
4.533033969705002 14.14968619384203
6.1593795664340405 15.776031790571096
7.785725163163079 17.402377387300135
9.412070759892174 19.0287229840292
11.038416356621212 20.655068580758268
12.664761953350308 22.281414177487335
14.291107550079346 23.907759774216373
15.917453146808384 25.53410537094544
17.54379874353748 27.16045096767448
1.4217641324841566 30.271720804895324
3.0481097292132517 31.89806640162439
4.67445532594229 33.52441199835343
6.300800922671328 35.150757595082496
7.927146519400424 36.777103191811534
10.790928983205959 14.397173567257369
17.11953467482556 20.72577925887697
8.740319317764943 9.942400845782089
15.245701704681153 16.447783232698328
6.477577617967995 87.01703999511577
4.002703883815059 79.73384014889439
1.7046068449587892 69.02117241391807
3.3309524416878844 70.64751801064713
4.95729803841698 72.2738636073762
6.583643635146018 73.90020920410524
8.209989231875056 75.52655480083433
9.836334828604095 77.15290039756337
11.46268042533319 78.77924599429244
13.089026022062285 80.40559159102153
14.715371618791323 82.03193718775054
5.629049480544154 81.36018574562343
15.263379374210842 78.9737003591188
10.508086270731326 86.2392225358106
12.841538648646974 74.1476965775206
5.91189219301873 64.81388706585813
7.538237789747825 66.44023266258719
12.417274579934997 71.31926945277439
3.8612825275778278 60.3591143443829
11.993010511223133 68.49084232802818
1.846028201196134 88.3958982184295
3.472373797925229 90.02224381515859
5.0987193946542675 91.6485894118876
72.83954903232552 82.45620125646252
74.46589462905456 84.08254685319156
76.0922402257836 85.70889244992063
77.71858582251264 87.33523804664969
79.34493141924168 88.96158364337876
80.97127701597083 90.58792924010783
82.59762261269987 92.21427483683686
84.2239682094289 93.84062043356593
85.85031380615794 95.466966030295
87.47665940288698 97.09331162702404
89.10300499961613 98.7196572237531
75.84475285236829 79.45099743641975
63.222896808188466 92.07285348059958
64.8492424049175 93.69919907732861
66.47558800164654 95.32554467405768
68.10193359837558 96.95189027078675
69.72827919510473 98.57823586751582
67.4301821562484 87.86556813253958
69.05652775297744 89.49191372926862
72.30921894643564 92.74460492272675
73.93556454316467 94.37095051945582
44.024947698973676 88.50196423560749
50.106066017177966 92.17891949777757
34.62042750919261 71.8849548777236
52.51022907321226 89.77475644174328
55.76292026667039 93.02744763520138
38.969134213489895 87.05239533417503
40.59547981021899 88.6787409309041
38.65093616195588 71.10713741841843
37.20136726052351 66.05132393293462
38.82771285725255 67.67766952966366
40.45405845398159 69.30401512639273
42.08040405071063 70.9303607231218
43.70674964743972 72.55670631985086
45.33309524416882 74.18305191657993
46.959440840897855 75.80939751330897
48.58578643762689 77.43574311003803
50.21213203435593 79.0620887067671
59.97020561473033 88.82016228714144
61.59655121145937 90.44650788387051
42.22182540694803 90.30508652763314
43.848171003677066 91.9314321243622
45.474516600406105 93.55777772109127
47.1008621971352 95.18412331782034
48.727207793864295 96.8104689145494
50.35355339059333 98.43681451127844
64.70782104868022 74.32447327281722
66.33416664540925 75.95081886954628
46.711953467482545 69.55150249980804
64.53104435338355 87.37059338570904
49.89393398282198 63.11683079101044
48.444365081389606 58.061017305526605
50.070710678118644 59.68736290225567
17.9680628122494 85.28462838120868
19.594408408978495 86.91097397793772
21.220754005707533 88.53731957466678
22.84709960243663 90.16366517139585
24.473445199165667 91.79001076812492
26.099790795894705 93.41635636485398
27.7261363926238 95.04270196158302
29.35248198935284 96.66904755831209
30.978827586081934 98.29539315504115
26.276567491191315 89.98688847609927
24.225957825750356 85.53211575462402
18.21555018566471 91.54252339470966
8.351410588112344 94.90128060534573
9.97775618484144 96.52762620207477
11.604101781570478 98.15397179880384
32.35768580939566 93.66384373826932
6.548288296086639 96.70440289737144
31.93342174068374 90.83541661352308
35.186112934141875 94.08810780698121
38.43880412759995 97.34079900043932
15.387123060918498 91.11825932599777
